0.0,0.0,9.009850401684263e-05,-1.4522870693629723e-19
1.0001318546499196,8.996622656056185e-05,8.966608803319965e-05,-8.64718860239187e-07
2.0002624414666665,0.0001790673932503489,8.836883679310855e-05,-1.729447586691536e-06
3.0003904926170697,0.00026643844019858665,8.620674042902896e-05,-2.594196045791553e-06
4.000514740267955,0.0003512143075345004,8.317978249488418e-05,-3.4589741044157144e-06
5.0006339165861515,0.0004325299353873155,7.928793996579689e-05,-4.323791630103685e-06
6.000746753738487,0.0005095202638862573,7.453118323771928e-05,-5.188658491279416e-06
7.0008519838917875,0.0005813202331605513,6.89094761269573e-05,-6.0535845574722824e-06
8.000948339212883,0.0006470647833394229,6.242277586958938e-05,-6.91857969953822e-06
9.0010345518686,0.0007058888545520975,5.507103312077941e-05,-7.783653789880957e-06
10.001109354025765,0.0007569273869278003,4.6854191953983696e-05,-8.648816702673252e-06
11.001171477851207,0.0007993153205957565,3.777218986005257e-05,-9.514078314078217e-06
12.001219655511756,0.0008321875956851922,2.782495774622588e-05,-1.03794485024707e-05
13.001252619174236,0.0008546791523253322,1.7012419935022827e-05,-1.1244937148658728e-05
14.001269101005477,0.000865924930645402,5.33449416302593e-06,-1.2110554136105035e-05
15.001267833172303,0.0008650598707746272,-7.208908420440885e-06,-1.2976309351148694e-05
16.001247547841547,0.0008512189128422328,-2.061788325474003e-05,-1.3842212683226806e-05
17.001206977180033,0.0008235369969774445,-3.4892532369453965e-05,-1.470827402509635e-05
18.00114485335459,0.0007811490633094876,-5.00329643860249e-05,-1.5574503273056056e-05
19.001059908532046,0.0007231900519675874,-6.603929451950043e-05,-1.644091032716849e-05
20.000950874879226,0.0006487949030809694,-8.291164458038514e-05,-1.7307505091482178e-05
21.000816484562964,0.0005570985567788589,-0.00010065014297659857,-1.8174297474253915e-05
22.000655469750082,0.0004472359531904812,-0.00011925492471553885,-1.9041297388171193e-05
23.000466562607407,0.0003183420324450617,-0.0001387261314062529,-1.990851475057475e-05
24.000248495301776,0.0001695517346718264,-0.00015906391126171266,-2.077595948368135e-05
25.0,0.0,-0.00018026841910119773,-2.1643641514806618e-05
25.999722250621698,-0.0001895121902085892,-0.00019733876467713295,-1.2506153330785208e-05
26.999426188097576,-0.0003915196896617007,-0.00020527315960460136,-3.3671586951957873e-06
27.999125195111112,-0.0005968913108344912,-0.00020407096669845923,5.7722415512768434e-06
28.9988326543458,-0.0007964958662021176,-0.00019373228250392095,1.4910946472019675e-05
29.998561948485122,-0.0009812021682397366,-0.00017425793728018612,2.4047855294865556e-05
30.998326460212564,-0.0011418790294225045,-0.00014564949485964353,3.318186767241058e-05
31.998139572211606,-0.001269395262225579,-0.00010790925238268441,4.231188394218485e-05
32.99801466716574,-0.001354619679124116,-6.104023990818789e-05,5.143680538658717e-05
33.99796512775846,-0.0013884210925932722,-5.0462198997715e-06,6.055553449249373e-05
34.99800433667323,-0.0013616683151082053,6.006831341207221e-05,6.966697521045133e-05
35.99814567659355,-0.0012652301591440712,0.00013429813479180118,7.877003321336594e-05
36.9984025302029,-0.0010899754371760271,0.00021763728888443045,8.786361615459715e-05
37.998788280184776,-0.0008267729616792288,0.0003100790912247125,9.694663392536979e-05
38.99931630922264,-0.00046649154512883474,0.00041161612936964625,0.00010601799891141352
40.0,0.0,0.0005222402641540532,0.00011507662624874283
41.00080296100913,0.0005478712514905953,0.0005402342872922381,-7.910891435319577e-05
42.001489703977455,0.0010164453481601833,0.0003638518810027785,-0.00027349756675814816
43.001774966441225,0.0012110838190844736,-7.208908420440629e-06,-0.00046858894879147955
44.00137348593666,0.0009371481933391759,-0.0005735838772799739,-0.0006648862260318826
45.0,0.0,-0.0013362449662161432,-0.000862898660991999
45.997843509687485,-0.0014714027616786894,-0.0013205649799081002,0.0008942592626604698
46.99699007013538,-0.002053716211727904,0.00044425518304218846,0.002630883268689078
48.0,0.0,0.003931242360904845,0.0043075462018875845
49.00595221261205,0.004061275872480449,0.0020779032852930373,-0.0080485165436153
50.0,0.0,-0.012515875638689236,-0.021779126744956117
50.978931518127354,-0.014375312623403727,-0.008330066564169413,0.02981346607365174
52.0,0.0,0.042375332334289674,0.06427682713651764
53.1081305525954,0.08826833079977785,0.11870404685420502,0.07562523593474654
54.23847070173495,0.27862684942914706,0.2208753917882598,0.1067628573166469
55.29872357795103,0.5950364197222375,0.3714973256954684,0.17447201835915338
56.19659231177603,1.0614579055131792,0.6101079988213358,0.313760538174461
56.839780033742336,1.701852170636102,0.9876706187215369,0.5136492556107392
57.14548415185547,2.5360464100591167,1.4224197418627647,0.352605960846004
57.16494157312195,3.525508990982385,1.6417331426160209,0.11979320720943784
57.04861774210823,4.5885056338020505,1.6944705458626592,-0.013493483660604922
56.94270262721483,5.645865327561028,1.6400885134927436,-0.057446622047565725
56.9000722321048,6.6689523969485345,1.5867739261295075,-0.0458517430371528
56.90452286136865,7.666542134977748,1.5484853205106104,-0.030303140370655447
56.93822587182635,8.648289845292863,1.5274413597331973,-0.012213484064440087
56.983352620297865,9.623850831538075,1.5248142306682262,0.006873916728725448
57.022823783466215,10.602474595907923,1.5369674526118486,0.013008940708568053
57.0501388797761,11.587681566092954,1.5488929564027485,0.011206913171110312
57.0666288729173,12.578750974547676,1.5591412382973238,0.009485408144135177
57.073808944079936,13.574862288950037,1.5677611841216887,0.007833136480836526
57.07319427445417,14.575194976977976,1.5747946093363183,0.0062387080780955985
57.066300045230115,15.578928506309444,1.580276070338024,0.004690740629905737
57.05464143759794,16.58524234462238,1.584232753172942,0.0031779152088555205
57.039733632747755,17.593315959594733,1.5866844127662605,0.0016889929984771073
57.02309181186972,18.602328818904446,1.5876433429010042,0.00021280493115040857
57.00623115615397,19.611460390229468,1.5871143633521443,-0.0012617759765840239
56.99060496510981,20.619923651644278,1.5853919900601374,-0.0017857253971974262
56.97679289730626,21.627404678494546,1.5836306035970555,-0.0017104296975083274
56.964727860813476,22.633939776846656,1.581947054971151,-0.001634440614540136
56.95432755032056,23.639573491173323,1.580341801815712,-0.0015577898851432679
56.94550966051667,24.644350365947236,1.5788152795989012,-0.0014805094127423126
56.93819188609092,25.64831494564111,1.5773679016174782,-0.001402631251233787
56.932291921732435,26.651511774727645,1.5760000589956877,-0.001324187589954855
56.92772746213036,27.65398539767954,1.574712120688607,-0.0012452107397000359
56.92441620197383,28.65578035896951,1.5735044334892718,-0.0011657331197577985
56.922275835951964,29.656941203070247,1.5723773220389268,-0.0010857872459340803
56.92122405875389,30.65751247445446,1.571331088839772,-0.0010054057195250776
56.92117856506875,31.65753871759485,1.5703660142696112,-0.0009246212171973373
56.92205704958567,32.65706447696413,1.5694823565978353,-0.0008434664817290228
56.92377720699377,33.65613429703498,1.5686803520022108,-0.0007619743135624233
56.92625673198221,34.65479272228013,1.5679602145859772,-0.0006801775631141928
56.92941331924009,35.65308429717227,1.5673221363947982,-0.0005981091237865522
56.93316466345655,36.65105356618411,1.5667662874331416,-0.0005158019256196802
56.93742845932073,37.64874507378835,1.566292815679712,-0.0004332889295228202
56.94212240152175,38.64620336445769,1.5659018471015964,-0.00035060312201922475
56.94716418474875,39.64347298266484,1.5655934856668234,-0.0002677775104379257
56.952471503690845,40.6405984728825,1.5653678133550821,-0.0001848451184834955
56.957962053037186,41.63762437958338,1.5652248901663914,-0.00010183898211342773
56.9635535274769,42.63459524724016,1.5651647541275486,-1.8792145651519317e-05
56.9691636216991,43.63155562032558,1.5651874212962373,6.426234193531419e-05
56.97471003039294,44.62855004331231,1.5652928857627169,0.000147291430670009
56.98011044824754,45.62562306067308,1.5654811196490572,0.00023026207318169542
56.98528256995202,46.62281921688058,1.5657520731059373,0.0003131412283790666
56.990144090195514,47.62018305640751,1.5661056743070578,0.000395895865254195
56.99461270366717,48.617759123726586,1.5665418294412754,0.00047849296688970704
56.99860610505612,49.61559196331051,1.5670604227026048,0.0005608995347414055
57.002046562923006,50.613723650268746,1.5676389228306968,0.0005701365496973744
57.004920919404555,51.612161397425595,1.5681899769851615,0.0005337093479087851
57.007263820020555,52.610886609290596,1.568704854869434,0.0004973745243523342
57.009111034760075,53.609880083289546,1.5691836158171901,0.0004611258678293315
57.01049833361223,54.60912261684822,1.569626315057891,0.00042495717072803626
57.01146148656607,55.608595007392424,1.5700330037138677,0.0003888622289281623
57.01203626361071,56.60827805234793,1.5704037287977126,0.00035283484167115107
57.01225843473521,57.60815254914054,1.5707385332099637,0.0003168688113990949
57.01216376992867,58.60819929519604,1.571037455737058,0.00028095794356514277
57.01178803918017,59.60839908794021,1.571300531049542,0.00024509604641817116
57.01116701247878,60.60873272479885,1.57152778970052,0.00020927693076445373
57.01033645981361,61.60918100319774,1.5717192581243309,0.00017349440970903203
57.00933215117372,62.60972472056269,1.5718749586354395,0.00013774229837944517
57.00818985654821,63.61034467431946,1.5719949094275316,0.00010201441363445217
57.00694534592616,64.61102166189384,1.572079124572808,6.630457376035053e-05
57.00563438929666,65.61173648071166,1.5721276140214655,3.06065981574751e-05
57.00429275664877,66.61246992819865,1.5721403836013632,-5.085692980558229e-06
57.00295621797161,67.61320280178064,1.5721174350178702,-4.0778478992312084e-05
57.001660543254246,68.61391589888342,1.572058765853891,-7.647793907614587e-05
57.00044150248576,69.61459001693277,1.5719643695700687,-0.00011219025261745238
56.999333281221766,70.61520678998355,1.5718419577614458,-0.00012281482290530939
56.99834769610474,71.61575966355748,1.5717216269696004,-0.00011771314723572557
56.99748000422152,72.61625082712558,1.5716064091627255,-0.00011260875940312582
56.996725073131884,73.61668267584098,1.5714963061023441,-0.00010750177000301289
56.99607777039561,74.61705760485681,1.571391319476012,-0.00010239228962567416
56.99553296357247,75.61737800932625,1.5712914508973417,-9.728042885672791e-05
56.99508552022223,76.61764628440241,1.571196701906025,-9.216629827769247e-05
56.99473030790469,77.61786482523847,1.5711070739678556,-8.705000846657587e-05
56.9944621941796,78.61803602698757,1.5710225684747492,-8.193166999848722e-05
56.994276046606736,79.61816228480282,1.5709431867447627,-7.681139344626672e-05
56.99416673274587,80.61824599383739,1.5708689300221121,-7.168928938113448e-05
56.994129120156785,81.61828954924444,1.5707997994771887,-6.656546837335645e-05
56.99415807639926,82.6182953461771,1.570735796206575,-6.14400409929269e-05
56.99424846903307,83.6182657797885,1.5706769212330578,-5.631311781026593e-05
56.99439516561797,84.61820324523183,1.5706231755056412,-5.118480939693112e-05
56.994593033713755,85.6181101376602,1.570574559899557,-4.6055226326342445e-05
56.99483694088019,86.61798885222674,1.5705310752162758,-4.092447917451898e-05
56.995121754677044,87.61784178408465,1.5704927221835134,-3.579267852082679e-05
56.995442342664106,88.61767132838703,1.5704595014552398,-3.065993494873652e-05
56.995793572401126,89.61747988028706,1.5704314136116833,-2.5526359046589795e-05
56.99617031144791,90.61726983493784,1.5704084591593352,-2.039206140837337e-05
56.99656742736421,91.61704358749257,1.5703906385309532,-1.5257152634499905e-05
56.99697978770982,92.61680353310435,1.5703779520855612,-1.012174333259427e-05
56.997402260044495,93.61655206692635,1.570370400108451,-4.985944118284304e-06
56.99782971192801,94.6162915841117,1.5703679828111798,1.5013438400510115e-07
56.99825701092015,95.61602447981357,1.570370700331568,5.286381540255474e-06
56.99867902458068,96.61575314918508,1.5703785527336935,1.0422686706057264e-05
56.99909062046938,97.6154799873794,1.5703915400078885,1.5558939225811948e-05
56.999486666146026,98.61520738954964,1.5704096620707302,2.0695028431935477e-05
56.999862029170394,99.614937750849,1.5704329187650328,2.5830843644063342e-05
57.00021127847138,100.61467391690404,1.5704627680995626,3.5710857259065054e-05
57.000524766929736,101.61442509309215,1.5705048936249506,4.8560482816522795e-05
57.00078972631414,102.6142051928713,1.570559865028478,6.140552644481336e-05
57.00099331497598,103.61402824044664,1.5706276786126785,7.424436719118084e-05
57.001122691266666,104.6139082600234,1.5707083295996616,8.70753852741498e-05
57.001165013537594,105.61385927580677,1.5708018121317169,9.989696244286731e-05
57.00110744014015,106.61389531200194,1.5709081192720824,0.00011270748233619897
57.00093712942576,107.61403039281407,1.5710272430058783,0.00012550533084149543
57.0006412397458,108.6142785424484,1.5711591742412014,0.00013828889645294576
57.00020692945167,109.6146537851101,1.571303902810387,0.00015105657062943221
56.99963075641219,110.61516155853046,1.5714156069422585,1.4885973449545475e-05
56.999041980179726,111.61568607724466,1.571315715767172,-0.00021459687609244946
56.99866809846847,112.61602181507304,1.5709861257220452,-0.00044447477552159214
56.99873891982898,113.61596113488324,1.5704264297013553,-0.0006751779032987435
56.99948425281183,114.61529639954287,1.569635933532226,-0.0009071388003536118
57.00097873037079,115.61395908217429,1.5693732575295252,0.0013339112922989274
57.00110622799431,116.61384460406686,1.5725890526917154,0.005080337967123608
56.99689108135283,117.61761950312193,1.5758425756455368,-0.0031741664366183187
56.99608105111608,118.61834506622655,1.5646634458974829,-0.019435293236580425
57.01145694421789,119.60457406253093,1.5516192345005346,0.01214040588085201
57.014569567541365,120.60178628821987,1.5929464530794897,0.06715930415548078
56.948124438002175,121.65805732406403,1.6762076727972626,0.08163612589440244
56.77974020485958,122.75342063550997,1.7731163377787162,0.0961454311793495
56.49601246524067,123.8170603675624,1.8964632732075652,0.1325302498738664
56.08398320717382,124.77696454695986,2.0686596635073,0.20549277727123558
55.53069441868743,125.56112120044078,2.322343189616128,0.3328907497376393
54.823292454741164,126.09780817619065,2.679456112799496,0.4210511431277524
53.9645244152873,126.35862576592758,2.989812265960633,0.264004887183673
52.9891833935235,126.40416428931243,-3.1041277082570273,0.1348920444766198
51.93600050064643,126.3059497336601,-3.0068961781752646,0.055917417063495525
50.843706847852786,126.13550808628544,-2.976836441045801,0.0005071054922294058
49.75094813004406,125.96420759348227,-3.0039829113539933,-0.04067947036195444
48.683602033874436,125.8398374098417,-3.0468981913837094,-0.038975915939175786
47.641319068626494,125.76175211751635,-3.086222371464098,-0.036053941533107293
46.6205267791466,125.72335434651997,-3.1210730275853047,-0.03197897933436432
45.617652710281114,125.71804672686636,3.132510117475924,-0.026882278538021543
44.62912440687639,125.73923188856925,3.1087994142196798,-0.02094079914232226
43.65136941377882,125.78031246164245,3.0914793423792903,-0.014357008965890572
42.680815275834746,125.83469107609972,3.080903091072534,-0.007343394769378666
41.713889537890545,125.89577036195483,3.0772808170480137,-0.00011378181320479947
40.74701974479258,125.95695294922156,3.0806834560954406,0.0071191562692891385
39.77664166769654,126.01165665971791,3.090835443552166,0.0122796498784705
38.80042074459213,126.05557018268046,3.1022508117423597,0.011092739786165137
37.81854831175643,126.0890468693213,3.1125848160014176,0.009953047702965468
36.83152610411267,126.11301329455254,3.121866524578929,0.008856564629014211
35.83985585658408,126.12839603328628,3.130122595319191,0.007799142350654009
34.844039304093904,126.13612166043461,3.137377147861013,0.006776553246056789
33.844578181565375,126.13711675090967,-3.139533635144605,0.00578453356224812
32.841974223921746,126.13230787962355,-3.1342203430103224,0.004818813173167998
31.836729166086236,126.12262162148838,-3.1298522227778127,0.0038751344376351552
30.82934474298209,126.10898455141626,-3.1264159778384077,0.002949262407223517
29.820322689532553,126.09232324431926,-3.1239010916536434,0.0020369883044522147
28.810164740660852,126.07356427510952,-3.1222998370676844,0.0011341279107061112
27.79937263129024,126.05363421869913,-3.1216072810871047,0.0002365162752243634
26.78844809634394,126.03345965000024,-3.1218212870372306,-0.0006600000173817141
25.7778928707452,126.01396714392492,-3.1229425152821855,-0.0015595719034960853
24.768207553538705,125.99608117769385,-3.1249475213581537,-0.002234129278119869
23.759722952903257,125.98041266609422,-3.1271498658183097,-0.0021327514146465016
22.752421104126125,125.96692842520955,-3.1292468312133392,-0.0020301920880733937
21.746241183035867,125.95551612012713,-3.1312376379859486,-0.0019265100204445885
20.741122365461035,125.94606341593433,-3.133121547872502,-0.0018217643424194173
19.73700382723019,125.93845797771847,-3.134897863930154,-0.0017160145489520543
18.733824744171883,125.93258747056689,-3.13656593054879,-0.0016093204582329223
17.731524292114663,125.92833955956694,-3.1381251334499534,-0.0015017421738312878
16.7300416468871,125.92560190980595,-3.1395748996748556,-0.0013933400499564492
15.72931598431774,125.92426218637125,-3.1409146975634674,-0.001284174659734353
14.729286480235139,125.92420805435019,3.1410412704529604,-0.001174306766376923
13.729892310467854,125.92532717883009,3.139922839166626,-0.001063797297103078
12.73107265084444,125.92750722489829,3.138915723707234,-0.000952707319653415
11.732766677193453,125.93063585764216,3.1380202908620736,-0.0008410980212247568
10.734913565343449,125.93460074214899,3.137236866294439,-0.0007290306896363701
9.73745249112298,125.93928954350615,3.136565734581543,-0.0006165666965265636
8.740322630360604,125.94458992680097,3.1360071392503124,-0.000503767482366658
7.743463158884877,125.95038955712076,3.1355612828099972,-0.0003906945430689819
6.746813252524354,125.95657609955289,3.1352283267806937,-0.00027740941795656194
5.75031208710759,125.9630372191847,3.1350083917169993,-0.00016397367885460297
4.753898838463139,125.9696605811035,3.134901557226195,-5.044892005765611e-05
3.7575126824195593,125.97633385039666,3.1349078619804924,6.310325107842713e-05
2.7610927948054043,125.98294469215148,3.1350273037230374,0.00017662122317407003
1.7645783514492297,125.98938077145532,3.1352598392675235,0.00029004338974940086
0.7679085281795914,125.9955297533955,3.1356053844914253,0.0004033081582904828
-0.22897735960273843,126.00127956086429,3.1360604267276706,0.00048676914368372314
-1.2261191332737154,126.006556653372,3.1365379082602773,0.00047092443070256726
-2.22351375838977,126.01136664973849,3.136999723686671,0.0004551147255333348
-3.2211529341082725,126.01572489638934,3.1374458958429394,0.0004393388721378396
-4.219028359586594,126.01964673975012,3.13787644680745,0.0004235957149690952
-5.2171317339821055,126.02314752624638,3.1382913979002747,0.0004078840989797054
-6.215454756452177,126.02624260230371,3.138690769682655,0.0003922028696275663
-7.2139891261541775,126.02894731434765,3.1390745819564967,0.0003765508728789983
-8.21272654224548,126.03127700880378,3.1394428537638968,0.0003609269552094112
-9.211658703883455,126.03324703209766,3.1397956033867,0.0003453299636016158
-10.21077731022547,126.03487273065484,3.1401328483460835,0.0003297587455418846
-11.2100740604289,126.03616945090094,3.1404546054021707,0.00031421214901386637
-12.20954065365111,126.03715253926146,3.140760890553667,0.0002986890224904592
-13.209168789049478,126.037837342162,3.141051719037527,0.00028318821492374186
-14.208950165781369,126.03823920602812,3.1413271053286365,0.00026770857573306427
-15.208876483004156,126.03837347728538,3.141587063139524,0.00025224895479139536
-16.20893943987521,126.03825550235935,-3.1413537017594946,0.00023680820241002586
-17.209130735551895,126.03790062767558,-3.1411245628222226,0.00022138516932172252
-18.20944206919159,126.03732419965968,-3.140910815804327,0.00020597870666242676
-19.20986513995166,126.03654156473718,-3.140712450045207,0.00019058766595159618
-20.21039164698948,126.03556806933362,-3.1405294556477714,0.00017521089907127603
-21.211013289462414,126.03441905987462,-3.140361823478616,0.00015984725824399703
-22.211721766527845,126.03310988278571,-3.140209545168182,0.0001444955960095881
-23.212508777343132,126.0316558844925,-3.1400726131109025,0.00012915476520099556
-24.213366021065646,126.03007241142048,-3.139951020465328,0.00011382361891919789
-25.214285196852764,126.02837480999526,-3.1398447611542437,9.85010105073037e-05
-26.21525800386185,126.02657842664242,-3.139753829864768,8.318579352392324e-05
-27.216276141250283,126.0246986077875,-3.1396782220484383,6.787682171589909e-05
-28.217331308175424,126.02275069985608,-3.1396179339212855,5.2572948990483436e-05
-29.21841520379465,126.02075004927372,-3.139572962463894,3.727302938705014e-05
-30.21951952726533,126.01871200246596,-3.139543305421447,2.1975917048425518e-05
-31.22063597774483,126.01665190585842,-3.1395289613037636,6.680466191925574e-06
-32.221756254390534,126.01458510587662,-3.139529929385319,-8.614468919814835e-06
-33.2228720563598,126.01252694894613,-3.139546209705255,-2.3910034008136086e-05
-34.22397508280999,126.01049278149253,-3.1395778030673798,-3.9207374807684685e-05
-35.2250570328985,126.00849794994137,-3.1396247110401494,-5.4507637095696035e-05
-36.22610960578268,126.00655780071826,-3.1396869359566444,-6.981196672114309e-05
-37.227124500619915,126.00468768024871,-3.139764480914529,-8.512150963366617e-05
-38.22809341656756,126.00290293495831,-3.1398573497759994,-0.00010043741191219657
-39.229008052783,126.00121891127262,-3.139965547167719,-0.00011576081979318993
-40.22986012931398,125.99965091688333,-3.140088573355856,-0.00012669768063454536
-41.23064448889837,125.9982084695501,-3.1402134678820524,-0.00012289491260109262
-42.23136238869246,125.99688919374661,-3.1403345474439854,-0.00011908986372032916
-43.23201587409759,125.99568925242299,-3.1404518105434738,-0.00011528260443111521
-44.232606990515094,125.99460480852933,-3.1405652557295225,-0.00011147320518536055
-45.23313778334629,125.99363202501576,-3.140674881598317,-0.00010766173644752748
-46.23361029799251,125.99276706483236,-3.1407806867932164,-0.00010384826869414454
-47.2340265798551,125.99200609092927,-3.1408826700047463,-0.00010003287241332928
-48.23438867433538,125.9913452662566,-3.140980829970595,-9.621561810432043e-05
-49.234698626834685,125.99078075376444,-3.1410751654756055,-9.239657627701957e-05
-50.23495848275435,125.99030871640292,-3.1411656753517727,-8.85758174515407e-05
-51.235170287495706,125.98992531712214,-3.141252358478235,-8.475341215776875e-05
-52.23533608646008,125.98962671887223,-3.141335213781271,-8.092943093492591e-05
-53.235457925048806,125.98940908460327,-3.141414240234295,-7.710394433114577e-05
-54.23553784866322,125.98926857726538,-3.1414894368578494,-7.327702290305484e-05
-55.23557790270465,125.98920135980867,-3.1415608027196034,-6.944873721536084e-05
-56.23558013257443,125.98920359518328,3.141556970245239,-6.561915784044843e-05
-57.23554658367389,125.9892714463393,3.141493268515598,-6.178835535798059e-05
-58.23547930140436,125.98940107622683,3.1414334000620405,-5.795640035450656e-05
-59.235380331167164,125.98958864779598,3.1413773656284363,-5.41233634230754e-05
-60.23525171836366,125.98983032399688,3.1413251659115513,-5.028931516285499e-05
-61.23509550839516,125.99012226777964,3.1412768015610464,-4.645432617875603e-05
-62.23491374666299,125.99046064209436,3.141232273179485,-4.261846708106095e-05
-63.23470847856849,125.99084160989115,3.1411915813223317,-3.878180848505718e-05
-64.23448174951301,125.99126133412013,3.141154726497958,-3.4944421010674487e-05
-65.23423560489786,125.9917159777314,3.141121709167643,-3.1106375282126064e-05
-66.23397209012438,125.99220170367508,3.141092529745576,-2.7267741927553063e-05
-67.23369325059387,125.99271467490128,3.1410671885988566,-2.3428591578672225e-05
-68.23340113170772,125.99325105436009,3.1410456860475002,-1.9588994870426227e-05
-69.23309777886723,125.99380700500166,3.1410280223644342,-1.574902244063641e-05
-70.23278523747372,125.99437868977607,3.1410141977755033,-1.1908744929657612e-05
-71.23246555292853,125.99496227163343,3.141004212459468,-8.068232980034699e-06
-72.23214077063302,125.99555391352388,3.1409980665480055,-4.227557236160575e-06
-73.23181293598847,125.99614977839751,3.1409957601257106,-3.867883439350004e-07
-74.23148409439628,125.99674602920443,3.140997293230095,3.4540030495755426e-06
-75.23115629125773,125.99733882889475,3.141002665851588,7.294746296477876e-06
-76.23083157197415,125.9979243404186,3.141011877933535,1.1135370748392132e-05
-77.2305119819469,125.99849872672605,3.1410249293721972,1.4975805756791804e-05
-78.23019956657728,125.99905815076727,3.1410418200167514,1.8815980673344755e-05
-79.22989637126666,125.99959877549232,3.141062549669286,2.265582485025512e-05
-80.22960443688882,126.00011677254909,3.1410870044104193,2.550509795863706e-05
-81.22932512754231,126.00060961372675,3.1411122664682964,2.5033136745599364e-05
-82.22905841713995,126.00107744147644,3.141137057033592,2.456122488392236e-05
-83.22880410875956,126.0015207264375,3.1411613761385784,2.4089361540083942e-05
-84.22856200547892,126.00193993924925,3.141185223814973,2.3617545880511998e-05
-85.22833191037586,126.00233555055107,3.1412086000939374,2.3145777071585883e-05
-86.22811362652817,126.0027080309822,3.141231505006079,2.267405427963796e-05
-87.22790695701369,126.00305785118206,3.141253938581451,2.2202376670955052e-05
-88.22771170491019,126.00338548178992,3.14127590084955,2.1730743411779954e-05
-89.22752767329554,126.00369139344514,3.1412973918393186,2.125915366831295e-05
-90.22735466524746,126.00397605678704,3.141318411579144,2.0787606606713244e-05
-91.22719248384384,126.00423994245493,3.141338960096858,2.0316101393100482e-05
-92.22704093216244,126.00448352108816,3.1413590374197375,1.9844637193556215e-05
-93.2268998132811,126.00470726332607,3.141378643574504,1.9373213174125405e-05
-94.2267689302776,126.00491163980797,3.1413977785873235,1.8901828500817838e-05
-95.22664808622979,126.00509712117321,3.141416442483807,1.843048233960964e-05
-96.22653708421544,126.0052641780611,3.1414346352890092,1.7959173856444742e-05
-97.22643572731236,126.00541328111096,3.1414523570274304,1.748790221723632e-05
-98.22634381859841,126.00554490096215,3.1414696077230144,1.7016666587868258e-05
-99.22626116115134,126.00565950825397,3.14148638739915,1.654546613419662e-05
-100.22618755804898,126.00575757362576,3.1415026960786707,1.6074300022051103e-05
-101.22612281236916,126.00583956771686,3.1415185337838527,1.5603167417236486e-05
-102.22606672718966,126.00590596116659,3.1415339005364187,1.5132067485534044e-05
-103.22601910558829,126.0059572246143,3.141548796357534,1.4660999392703065e-05
-104.22597975064289,126.00599382869929,3.141563221267809,1.418996230448221e-05
-105.22594846543123,126.00601624406087,3.141577175287298,1.371895538659103e-05
-106.22592505303118,126.00602494133844,3.141590658435499,1.3247977804731363e-05
-107.22590931652046,126.00602039117128,-3.141581636448232,1.277702872458877e-05
-108.22590105897694,126.00600306419871,-3.141569094986335,1.230610731183398e-05
-109.22590008347842,126.0059734310601,-3.1415570243405657,1.183521273212432e-05
-110.22590619310272,126.00593196239474,-3.14154542449365,1.1364344151105141e-05
-111.22591919092761,126.005879128842,-3.141534295428868,1.089350073441125e-05
-112.22593888003094,126.00581540104115,-3.1415236371300588,1.0422681647668335e-05
-113.22596506349049,126.00574124963158,-3.1415134495816144,9.951886056494369e-06
-114.2259975443841,126.0056571452526,-3.141503732768485,9.481113126501096e-06
-115.22603612578955,126.00556355854351,-3.1414944866761756,9.010362023295346e-06
-116.22608061078466,126.0054609601437,-3.1414857112907484,8.539631912480559e-06
-117.22613080244726,126.00534982069243,-3.1414774065988205,8.06892195965813e-06
-118.22618650385513,126.00523061082907,-3.1414695725875665,7.59823133042886e-06
-119.2262475180861,126.00510380119294,-3.1414622092447164,7.127559190394358e-06
-120.22631364821794,126.00496986242341,-3.141455316558556,6.65690470515846e-06
-121.22638469732851,126.00482926515973,-3.1414488945179277,6.186267040328628e-06
-122.22646046849559,126.00468248004127,-3.1414429431122306,5.715645361517377e-06
-123.22654076479702,126.00452997770738,-3.141437462331419,5.245038834343667e-06
-124.22662538931056,126.00437222879735,-3.141432452166005,4.7744466244343315e-06
-125.22671414511404,126.00420970395054,-3.1414279126070546,4.303867897425463e-06
-126.2268068352853,126.00404287380627,-3.1414238436461916,3.833301818963827e-06
-127.22690326290211,126.00387220900387,-3.1414202452755964,3.362747554708275e-06
-128.22700323104232,126.00369818018265,-3.141417117488004,2.8922042703311438e-06
-129.22710654278364,126.00352125798197,-3.1414144602767062,2.4216711315196514e-06
-130.227213001204,126.00334191304117,-3.1414122736355528,1.9511473039773164e-06
-131.2273224093812,126.0031606159995,-3.141410557558947,1.480631953425346e-06
-132.227434570393,126.00297783749639,-3.14140931204185,1.0101242456040394e-06
-133.22754928731715,126.00279404817111,-3.1414085370797786,5.396233462742023e-07
-134.22766636323158,126.002609718663,-3.1414082326688066,6.912842121853614e-08
-135.22778560121404,126.00242531961139,-3.1414083988055626,-4.013613637569557e-07
-136.22790680434235,126.00224132165563,-3.1414090354872326,-8.718468428215686e-07
-137.22802977569432,126.00205819543501,-3.1414101427115577,-1.342328850118491e-06
-138.22815431834778,126.0018764115889,-3.141411720476836,-1.8128082197634176e-06
-139.22828023538048,126.0016964407566,-3.1414137687819217,-2.2832857858431275e-06
-140.22840732987027,126.00151875357746,-3.141416287626224,-2.753762382414097e-06
-141.22853540489496,126.00134382069078,-3.1414192770097102,-3.224238843501098e-06
-142.22866426353238,126.00117211273593,-3.141422736932902,-3.6947160030957843e-06
-143.2287937088603,126.00100410035222,-3.141426667396878,-4.165194695155308e-06
-144.2289235439565,126.00084025417895,-3.1414310684032714,-4.635675753600907e-06
-145.22905357189885,126.00068104485551,-3.141435939954274,-5.106160012316496e-06
-146.22918359576516,126.00052694302119,-3.141441282052631,-5.576648305147267e-06
-147.22931341863324,126.00037841931531,-3.141447094701645,-6.047141465898299e-06
-148.22944284358084,126.00023594437722,-3.1414533779051745,-6.517640328333145e-06
-149.22957167368583,126.00009998884627,-3.1414601316676336,-6.988145726172391e-06
-150.22969970883872,125.99997102403145,-3.1414673647357754,-7.534774020560362e-06
-151.22982627249738,125.99984962135264,-3.141475301491674,-8.336740092764523e-06
-152.22994970946382,125.99973655787024,-3.14148404032251,-9.13877790547992e-06
-153.23006824427662,125.99963263591523,-3.141493581284486,-9.940900274076663e-06
-154.23018010147425,125.9995386578185,-3.14150392444235,-1.0743120016095093e-05
-155.23028350559537,125.99945542591107,-3.1415150698693948,-1.1545449951677714e-05
-156.23037668117843,125.99938374252375,-3.1415270176474617,-1.234790290400116e-05
-157.23045785276202,125.99932440998755,-3.1415397678669406,-1.3150491699708359e-05
-158.23052524488463,125.9992782306334,-3.141553320626772,-1.3953229169340841e-05
-159.23057708208484,125.9992460067922,-3.1415676760344495,-1.4756128147771234e-05
-160.23061158890116,125.99922854079489,-3.141582834206022,-1.5559201474635974e-05
-161.23062698987215,125.99922663497243,3.1415865119134905,-1.636246199476826e-05
-162.2306215095364,125.9992410916557,3.1415697478317486,-1.716592255863126e-05
-163.23059337243237,125.99927271317569,3.1415521805866087,-1.796959602275164e-05
-164.2305408030986,125.99932230186329,3.141533810027774,-1.8773495250153345e-05
-165.2304620260737,125.99939066004944,3.141514635996379,-1.9577633110791737e-05
-166.23035526589615,125.99947859006508,3.141494658324984,-2.0382022481988126e-05
-167.2302187471045,125.99958689424115,3.1414738768375723,-2.118667624886464e-05
-168.23005069423732,125.99971637490854,3.141452291349547,-2.199160730477951e-05
-169.2298493318331,125.99986783439824,3.1414299016677245,-2.279682855176277e-05
-170.22961293991818,126.00004203737977,3.1414071997902893,-1.9315073260604862e-05
-171.22934809280972,126.00023411890986,3.141396819070135,-1.4513725961707969e-06
-172.22907840239571,126.000427650076,3.1414042979571106,1.641291000879262e-05
-173.2288295742504,126.00060478091069,3.1414296354452445,3.427364132261704e-05
-174.22862731394804,126.0007476614464,3.141472827774061,5.2126689671031176e-05
-175.2284973270629,126.0008384417156,3.1415338684297685,6.996792680484594e-05
-176.2284653191693,126.00085927175081,-3.14157255903225,8.779322976543838e-05
-177.22855699584144,126.00079230158451,-3.141475852266116,0.00010559848274681583
-178.22879806265362,126.00061968124918,-3.1413613332091233,0.00012337957895304586
-179.22921422518016,126.00032356077729,-3.141229019358642,0.00014113242244983773
-180.22983054293746,125.99988654577895,-3.1410848731907213,0.00010714777603800172
-181.23057550287638,125.99935934150284,-3.1410813898537366,-0.0001001843862187746
-182.23117921912686,125.99893253886066,-3.1412854457326067,-0.0003077809301244303
-183.23134742848936,125.99881391881509,3.1414879065525123,-0.0005161923937000891
-184.2307858677643,125.99921126232888,3.1408673249790247,-0.0007259735174538857
-185.22920595174043,126.00032833750382,3.140089662241171,-0.00047810877956554583
-186.2271678396113,126.00176907090798,3.1405059299079277,0.0013105927289369435
-187.22697512381473,126.00190523527682,-3.1404850579143924,0.0030697309510340437
-188.2311042728157,125.99898642966912,-3.13692233952051,0.0015074023301471279
-189.23584803463004,125.99563323902095,3.141480520676827,-0.01117009641780876
-190.22497650594173,126.00331792968288,3.125254393998946,-0.010097897072553914
-191.20753469232233,126.01564689298418,3.141262981806285,0.04077161144953602
-192.2473654345932,125.98731576564053,-3.082171720017482,0.06652896010620919
-193.36627783846575,125.87638361364141,-3.000625885797178,0.08123767831265241
-194.48582339466475,125.65765424432954,-2.8897680131354555,0.1179186186488009
-195.51523329261138,125.30798916668702,-2.7244124151961557,0.19664304427557636
-196.36373872172675,124.80424988969601,-2.4616358997660077,0.3523001286470176
-196.94057087143204,124.1232979223386,-2.056934292680126,0.535749688013748
-197.17822972009108,123.25198853060118,-1.6602841579030803,0.29326768231786904
-197.158581126374,122.24132842024584,-1.4750013030124638,0.09782090127518542
-197.02251318298573,121.16767387007201,-1.4352344544403397,-0.019011321500081425
-196.89635400895193,120.09947213100509,-1.4723106318670691,-0.03504674438497228
-196.81203667716633,119.05400076084473,-1.507917714485692,-0.03268674745322482
-196.7641938643875,118.02831750817474,-1.539899715263415,-0.029455442104934292
-196.74736645460902,117.01943036253122,-1.567661583038414,-0.02543696181391472
-196.7560953318248,116.02434731345033,-1.5906963951153001,-0.020746899757358835
-196.78492138002846,115.04007635046818,-1.6085947819829496,-0.015520611016518408
-196.82838548321388,114.0636254631209,-1.6210482881110788,-0.009903311693370154
-196.88102852537475,113.09200264094461,-1.6278488119506558,-0.004043397441282433
-196.9373913905048,112.12221587347544,-1.6288864229977722,0.0019108179578780483
-196.99201496259784,111.15127315024951,-1.6241474572209136,0.007811755907098332
-197.04003287929456,110.1765119128242,-1.615916462925333,0.008217782010481556
-197.0803837536688,109.19738440517719,-1.608144993667397,0.007646431927788751
-197.11350974264292,108.21417853980114,-1.600896570453384,0.0070928472112055585
-197.13985670321912,107.22718428569034,-1.5941600532682234,0.006555805654054993
-197.1598704923997,106.23669161183902,-1.5879250291594242,0.006034082083424561
-197.17399696718687,105.24299048724143,-1.5821818251628839,0.005526453752032584
-197.18268198458293,104.24637088089183,-1.5769215175135778,0.005031704245611809
-197.18637140159004,103.2471227617845,-1.572135937924062,0.004548626120988797
-197.1855110752105,102.24553609891365,-1.567817677612971,0.004076022463777698
-197.18054686244665,101.24190086127355,-1.5639600896750134,0.0036127075303452904
-197.1719246203006,100.23650701785847,-1.5605572903027687,0.003157506616684968
-197.16009020577462,99.22964453766267,-1.557604159298165,0.0027092552771668414
-197.145489475871,98.22160338968037,-1.5550963402470601,0.002266797998820105
-197.12856828759197,97.21267354290583,-1.553030240672959,0.0018289864218033881
-197.10977249793984,96.20314496633333,-1.551403032434711,0.001394677183945156
-197.08954796391674,95.19330762895711,-1.5502126525870854,0.0009627294565916735
-197.06834054252505,94.18345149977141,-1.5494578048815715,0.0005320022303875367
-197.0465960907669,93.17386654777052,-1.5491379620466537,0.00010135140294822916
-197.02476046564462,92.16484274194866,-1.549253368951305,-0.0003303732843990635
-197.00327952416046,91.1566700513001,-1.54980504672164,-0.0007643314165688027
-196.98255419340157,90.14960399242791,-1.5506387140774807,-0.0008340286076128282
-196.96269698852586,89.14367892681841,-1.5514789409445173,-0.000836173646188565
-196.9437064581257,88.1388418260598,-1.5523203156474803,-0.0008381480310006351
-196.9255808703324,87.13503944668193,-1.5531627067026512,-0.0008399499844269128
-196.90831849327728,86.13221854521474,-1.5540059817475007,-0.0008415778437287501
-196.8919175950917,85.13032587818807,-1.5548500076078475,-0.0008430300636320643
-196.876376443907,84.12930820213184,-1.5556946503660842,-0.0008443052187580234
-196.86169330785452,83.1291122735759,-1.5565397754303893,-0.0008454020058974103
-196.84786645506557,82.12968484905012,-1.5573852476048569,-0.0008463192461230739
-196.83489415367154,81.13097268508443,-1.55823093116047,-0.0008470558867352145
-196.8227746718037,80.13292253820869,-1.5590766899068365,-0.0008476110030346123
-196.81150627759345,79.1354811649528,-1.559922387264611,-0.0008479837999192817
-196.8010872391721,78.1385953218466,-1.5607678863385261,-0.0008481736133004234
-196.79151582467097,77.14221176542002,-1.561613049990944,-0.0008481799113339697
-196.7827903022214,76.1462772522029,-1.5624577409158524,-0.0008480022954644186
-196.77490893995477,75.15073853872518,-1.5633018217132186,-0.0008476405012781078
-196.76787000600237,74.15554238151671,-1.5641451549636167,-0.0008470943991635124
-196.76167176849555,73.16063553710735,-1.5649876033030428,-0.0008463639947766076
-196.75631249556565,72.16596476202704,-1.5658290294978339,-0.0008454494293098037
-196.75179045534404,71.17147681280562,-1.566669296519602,-0.0008443509795634289
-196.74810391596196,70.17711844597301,-1.5675082676200986,-0.000843069057819203
-196.74525114555087,69.18283641805905,-1.5683458064059226,-0.0008416042115156323
-196.74323041224204,68.18857748559364,-1.5691817769129845,-0.0008399571227257197
-196.7420399841668,67.19428840510669,-1.5700160436806434,-0.0008381286074378766
-196.74167812945655,66.19991593312804,-1.5708484718254279,-0.0008361196146413803
-196.74214311624257,65.2054068261876,-1.5716789271142577,-0.0008339312252182096
-196.74343321265619,64.21070784081526,-1.572507276037084,-0.0008315646506435378
-196.7455466868288,63.21576573354088,-1.5733333858788603,-0.0008290212314976358
-196.74848180689168,62.220527260894364,-1.5741571247907669,-0.0008263024357923763
-196.75223684097617,61.224939179405574,-1.574978361860606,-0.0008234098571159686
-196.75681005721364,60.228948245604414,-1.575796967182289,-0.0008203452125999894
-196.76219972373548,59.232501216020765,-1.576612811924337,-0.0008171103407131693
-196.7684041086729,58.2355448471845,-1.5774257683973216,-0.0008137071988868155
-196.77542148015732,57.23802589562552,-1.5782357101201692,-0.0008101378609771047
-196.78325010632005,56.23989111787368,-1.5790425118852585,-0.0008064045145698694
-196.79188825529246,55.2410872704589,-1.579846049822243,-0.0008025094581338288
-196.80133419520587,54.24156110991104,-1.580646201460527,-0.0007984550980285456
-196.81158619419156,53.24125939275998,-1.581442845790335,-0.0007942439453736948
-196.82264252038095,52.24012887553562,-1.5822358633223095,-0.0007898786127865106
-196.83450144190536,51.23811631476782,-1.5830251361455778,-0.0007853618109945371
-196.8471612268961,50.235168466986494,-1.5838105479842313,-0.0007806963453310478
-196.8606201434845,49.231232088721505,-1.584591984252163,-0.0007758851121207046
-196.87487645980198,48.22625393650274,-1.5853693321062121,-0.0007709310949632225
-196.88992844397976,47.22018076686009,-1.586142480497568,-0.0007658373609229673
-196.90577436414927,46.21295933632342,-1.5869113202213863,-0.0007606070566325434
-196.92241248844178,45.20453640142264,-1.5876757439645794,-0.0007552434043185566
-196.93984108498864,44.19485871868761,-1.5884356463517364,-0.0007497496977578106
-196.95805842192127,43.18387304464823,-1.589190923989143,-0.0007441292981722715
-196.97706276737088,42.171526135834384,-1.589941475506865,-0.0007383856300711582
-196.9968523894689,41.15776474877594,-1.5906872015988662,-0.0007325221770485378
-197.01740539622546,40.14256454571418,-1.5913596228601847,-0.0005673956362319599
-197.03857048477946,39.12608673902963,-1.5918383151535216,-0.0003745604214263496
-197.06014521529866,38.10856586162099,-1.5921219673460871,-0.00018306902405149537
-197.08192702210746,37.09023662682187,-1.5922113141720708,7.488492452405037e-06
-197.10371333953034,36.07133374796585,-1.5921068148175224,0.00019751730207703293
-197.12530160189166,35.05209193838654,-1.5918086548318937,0.00038741941357681544
-197.14648924351596,34.032745911417535,-1.5913167472899488,0.0005775952437815175
-197.16707369872756,33.013530380392446,-1.5906307332118887,0.0007684451746075412
-197.18685240185098,31.99468005864486,-1.5897499812475229,0.000960371101301442
-197.20562278721056,30.97642965950838,-1.5886735866283592,0.0011537779792729027
-197.2231822891308,29.95901389631661,-1.5874003693896241,0.0013490753767020915
-197.23932834193613,28.942667482403145,-1.585928871862462,0.0015466790399332826
-197.25385837995097,27.927625131101582,-1.5842573554349337,0.0017470124784864497
-197.26656983749976,26.91412155574553,-1.582383796578963,0.0019505085763231531
-197.27726014890692,25.902391469668583,-1.5803058821390918,0.0021576112357823553
-197.2857267484969,24.892669586204335,-1.578021003877833,0.002368777060343261
-197.29176707059406,23.885190618686394,-1.5755262522716131,0.002584477082060817
-197.29517854952294,22.880189280448356,-1.5728184095507922,0.002805198539136744
-197.29575861960794,21.87790028482382,-1.5698939419771387,0.0030314467086128218
-197.29330471517346,20.878558345146384,-1.5667489913524428,0.003263746798577103
-197.28761427054394,19.882398174749653,-1.5633793657527995,0.003502645903526021
-197.27848472004382,18.88965448696722,-1.55978052948455,0.003748715025588114
-197.26571349799755,17.900561995132694,-1.5559475922600658,0.004002551163143122
-197.24909803872956,16.91535541257967,-1.5518752975946297,0.004264779466909822
-197.22843577656425,15.934269452641738,-1.547558010429759,0.0045360554617635135
-197.20352414582607,14.957538828652511,-1.5429897039936367,0.004817067330304379
-197.17416058083947,13.98539825394558,-1.538163945916053,0.005108538251442149
-197.14014251592886,13.01808244185455,-1.5330738836236997,0.005411228783886668
-197.10126738541868,12.055826105713015,-1.5277122290520628,0.0057259392803160145
-197.05733262363333,11.098863958854583,-1.5220712427228937,0.006053512312991923
-197.0081356648973,10.147430714612842,-1.5161427172516664,0.006394835085541867
-196.95509609697135,9.200127987944745,-1.5163446392594337,-0.009297061389000303
-196.91004635620055,8.24507428799291,-1.5337480855930112,-0.026636594713139932
-196.88893353741088,7.266245703130818,-1.5669559329883032,-0.04036351890204841
-196.90771486121542,6.247608127624253,-1.6129669490504994,-0.048960719185448615
-196.98234754822735,5.173127455739004,-1.667874765810025,-0.052071997913923876
-197.1198399737239,4.03572813284228,-1.7048488325466733,-0.007860194125069173
-197.26975651945835,2.8858409006035264,-1.6866951816880205,0.041046501297565985
-197.35896245529364,1.7966202316532036,-1.604089291447287,0.1207554758163432
-197.3142671907145,0.8412765195852134,-1.4146220175810613,0.3095159968406724
-197.0624801352057,0.09302015799345686,-1.021482045972482,0.728559543778144
-196.54322774438384,-0.38775783940485614,-0.49199355511022735,0.6094620541793633
-195.77841103414121,-0.6229559998298762,-0.14901608458421006,0.28126541312093667
-194.82244198165372,-0.6669897314244694,0.03229372959167403,0.12365418328296274
-193.72981257051342,-0.5743544633153961,0.12431637418654845,0.05379385881525992
-192.55501478431245,-0.39954562462941623,0.16361359807765097,0.015472345104708041
-191.3525406066429,-0.1970586444932907,0.16390556605608794,-0.014972802848429915
-190.17688202109684,-0.02138895203377933,0.1252886982130619,-0.05303088057662964
-189.07480439833103,0.08069512511238035,0.05918400371081056,-0.05863785508172059
-188.04347481036623,0.11202669405075655,0.003413311229619258,-0.04782538634660725
-187.06046145976384,0.0950389705852862,-0.03481141139184248,-0.028580196970992757
-186.10328431811175,0.05221340454291165,-0.05065329825574772,-0.003878186619842056
-185.14946335699793,0.006031445750575348,-0.042039426183145746,0.021583964273608185
-184.1792432437257,-0.02375032396303249,-0.020072676147510574,0.01981829386107753
-183.19035888005385,-0.03486666313419606,-0.0033407318481322246,0.014159657899199369
-182.18745646976822,-0.031964069328822904,0.008288102769569691,0.009123801748871075
-181.1751992247186,-0.01970604925213141,0.01514708849570685,0.004480380964708038
-180.15825035675473,-0.002756109609339988,0.017430380679935915,2.6940530965920645e-05
-179.14080395875484,0.014691391528434745,0.016815432235120924,-0.0006537744689769067
-178.1240427778693,0.031453632225441217,0.016154821445045667,-0.0006454800297727283
-177.1079596218065,0.04753780522814196,0.015503115608815118,-0.0006371295513425424
-176.0925443699457,0.06295403179714408,0.014860353064755857,-0.0006287236747460343
-175.07778690166631,0.07771243319305474,0.014226571663712934,-0.0006202630494982118
-174.06367709634753,0.09182313067648093,0.013601808765038092,-0.0006117483334702303
-173.0502048333688,0.10529624550802986,0.012986101232635099,-0.0006031801927887457
-172.03735999210937,0.1181418989483086,0.01237948543106249,-0.0005945593017338251
-171.0251324519486,0.13037021225792425,0.011781997221694053,-0.0005858863426354504
-170.01351209226578,0.14199130669748392,0.011193671958937277,-0.0005771620057686399
-169.00248879244023,0.15301530352759468,0.010614544486510141,-0.0005683869892472235
-167.99205243185128,0.1634523240088637,0.010044649133776435,-0.0005595619989162995
-166.98219288987832,0.17331248940189806,0.00948401971213988,-0.0005506877482434013
-165.97290004590053,0.18260592096730485,0.008932689511497333,-0.000541764958208408
-164.96416377929734,0.19134273996569123,0.00839069129675126,-0.0005327943571922256
-163.95597396944802,0.19953306765766424,0.00785805730438169,-0.0005237766808642702
-162.9483204957319,0.20718702530383099,0.007334819239077929,-0.0005147126720687813
-161.9411932375283,0.21431473416479863,0.0068210082704301235,-0.0005056030807099958
-160.93458207421662,0.22092631550117428,0.006316655029680964,-0.0004964486636362112
-159.92847688517605,0.22703189057356496,0.005821789606537636,-0.000487250184522765
-158.92286754978602,0.2326415806425778,0.005336441546044199,-0.00047800841375396396
-157.91774394742575,0.23776550696881998,0.004860639845514582,-0.0004687241283039841
-156.9130959574746,0.24241379081289854,0.004394412951526292,-0.0004593981116167757
-155.90891345931198,0.24659655343542058,0.003937788756975013,-0.0004500311534849969
-154.90518633231707,0.2503239160969932,0.0034907945981902046,-0.0004406240499280071
-153.90190445586927,0.25360600005822365,0.0030534572521118235,-0.0004311776030689424
-152.89905770934791,0.2564529265797188,0.002625802933528298,-0.000421692621010904
-151.8966359721323,0.25887481692208597,0.002207857292375812,-0.00041216991771228436
-150.89462912360173,0.2608817923459321,0.0017996454110990607,-0.00040261031286125656
-149.89302704313553,0.2624839741118644,0.0014011918020735148,-0.0003930146317494538
-148.89181961011303,0.26369148348049,0.0010125204050893107,-0.00038338370514486367
-147.89099670391357,0.26451444171241584,0.0006336545848967992,-0.00037371836916396344
-146.89054820391647,0.2649629700682492,0.00026461712881387724,-0.00036401946514311927
-145.890463989501,0.2650471898085971,-9.456975560486041e-05,-0.00035428783950927433
-144.89073394004652,0.26477722219406663,-0.000443884442837126,-0.0003445243436499518
-143.89134793493236,0.264163188485265,-0.0007833058915999824,-0.00033472983378259345
-142.8922958535378,0.26321520994279923,-0.0011128136469949084,-0.00032490517082325957
-141.89356757524223,0.26194340782727643,-0.0014323878425908845,-0.0003150512202547105
-140.8951529794249,0.26035790339930376,-0.0017420092024453837,-0.00030516885199389707
-139.89704194546516,0.2584688179194882,-0.0020416590430632846,-0.00029525894025887587
-138.89922435274232,0.256286272648437,-0.0023313192752936886,-0.0002853223634351769
-137.90169008063575,0.2538203888467573,-0.0026109724061645708,-0.00027536000394164225
-136.90442900852472,0.2510812877750561,-0.002880601540655268,-0.00026537274809575786
-135.90743101578852,0.24807909069394046,-0.0031401903834068112,-0.00025536148597849915
-134.91068598180655,0.24482391886401747,-0.003389723240370031,-0.0002453271112987114
-133.9141837859581,0.24132589354589448,-0.0036291850203914694,-0.00023527052125704433
-132.91791430762248,0.23759513600017826,-0.0038585612367370635,-0.00022519261640946257
-131.92186742617903,0.23364176748747612,-0.004077838008553612,-0.00021509430053034934
-130.92603302100704,0.2294759092683952,-0.0042870020622680265,-0.00020497648047522433
-129.93040097148588,0.22510768260354255,-0.004486040732924291,-0.00019484006604309447
-128.93496115699483,0.22054720875352507,-0.004674941965458239,-0.00018468596983845702
-127.9397034569132,0.21580460897895026,-0.004853694315910096,-0.0001745151071329708
-126.94461775062034,0.21089000454042492,-0.005022286952574716,-0.00016432839572681757
-125.94969391749557,0.20581351669855635,-0.00518070965708969,-0.00015412675580976905
-124.95492183691819,0.20058526671395138,-0.005328952825461118,-0.00014391110982197748
-123.96029138826755,0.19521537584721743,-0.005467007469027219,-0.00013368238231450887
-122.96579245092296,0.1897139653589613,-0.0055948652153597215,-0.00012344149980963328
-121.97141490426371,0.18409115650979063,-0.005712518309102984,-0.00011318939066089283
-120.97714862766918,0.1783570705603122,-0.00581995961275093,-0.00010292698491296097
-119.98298350051866,0.1725218287711327,-0.005917182607361829,-9.265521416131177e-05
-118.98890940219144,0.16659555240285984,-0.006004181393210761,-8.237501141171554e-05
-117.99491621206691,0.16058836271610039,-0.006080950690379977,-7.208731093957533e-05
-117.00099380952432,0.15451038097146175,-0.006147485839287053,-6.17930481491233e-05
-116.00713207394305,0.1483717284295506,-0.006203782801150808,-5.149315943249092e-05
-115.01332088470237,0.14218252635097467,-0.006249838158395086,-4.118858202866967e-05
-114.01955012118164,0.13595289599634003,-0.006285649114990365,-3.088025388237815e-05
-113.02580966276015,0.12969295862625496,-0.006311213496733135,-2.0569113502851658e-05
-112.03208938881724,0.12341283550132598,-0.006326529751463159,-1.0256099822568588e-05
-111.03837917873224,0.11712264788216042,-0.006331596949218556,5.784794406879743e-08
-110.04466891188446,0.11083251702936492,-0.006326414782328673,1.0371790442085052e-05
-109.0509484676532,0.1045525642035472,-0.00631098356544484,2.0684788317297715e-05
-108.05720772541783,0.09829291066531354,-0.006285304235508938,3.099590235768286e-05
-107.06343656455762,0.09206367767527213,-0.006249378351659801,4.130419363472611e-05
-106.06962486445192,0.08587498649402914,-0.0062032080950774155,5.160872364474132e-05
-105.07576250448004,0.07973695838219241,-0.006146796268765038,6.190855445014314e-05
-104.0818393640213,0.07365971460036813,-0.006080146297269052,7.220274882065706e-05
-103.08784532245504,0.0676533764091648,-0.006003262226336651,8.249037037445102e-05
-102.09377025916055,0.061728065069188265,-0.0059161487225114434,9.277048371917396e-05
-101.09960405351718,0.0558939018410457,-0.005818811072666756,0.00010304215459288388
-100.10533658490424,0.05016100798534473,-0.005711255183476789,0.00011330445000485063
-99.11095773270102,0.04453950476269264,-0.005593487580825621,0.0001235564383762167
-98.1164573762869,0.03903951343369605,-0.005465515409153988,0.00013379718968050078
-97.12182539504117,0.03367115525896225,-0.005327346430743786,0.00014402577558392571
-96.12705166834314,0.028444551499098303,-0.005178989024940528,0.00015424126958555711
-95.13212607557215,0.023369823414711055,-0.005020452187313446,0.00016444274715723365
-94.13703849610751,0.018457092266408015,-0.0048517455287534214,0.00017462928588327285
-93.14177880932856,0.013716479314796137,-0.004672879274508689,0.00018479996559993638
-92.14633689461459,0.009158105820482598,-0.0044838642631583525,0.00019495386853463548
-91.15070263134494,0.0047920930440743525,-0.00428471194552363,0.00020509007944486112
-90.15486589889893,0.0006285622461787987,-0.0040754343835167905,0.00021520768575681974
-89.15881801913639,-0.0033238078843205454,-0.003861208348372983,0.00021303217398994657
-88.16255957341805,-0.007065598744910486,-0.0036511789044799386,0.00020860282612803648
-87.16609480201542,-0.010601050875204875,-0.00344551580926459,0.00020418153531356531
-86.16942795420422,-0.013934413819621995,-0.0032442137852701693,0.0001997681276503918
-85.1725632792602,-0.017069937122580134,-0.0030472676682927807,0.00019536242974278718
-84.17550502645908,-0.020011870328497577,-0.0028546724071649514,0.0001909642686845635
-83.17825744507661,-0.022764462981792608,-0.002666423063543762,0.0001865734720482214
-82.18082478438853,-0.025331964626883512,-0.0024825148117035693,0.00018218986787412033
-81.18321129367058,-0.027718624808188576,-0.0023029429383333044,0.00017781328465966737
-80.18542122219846,-0.029928693070126074,-0.002127702842338369,0.00017344355134852766
-79.18745881924795,-0.031966418957114315,-0.0019567900346471193,0.0001690804973198538
-78.18932833409475,-0.033836052013571566,-0.001790200138021938,0.00016472395237753458
-77.19103401601464,-0.03554184178391611,-0.0016279288868749026,0.00016037374673946313
-76.1925801142833,-0.03708803781256624,-0.0014699721270880455,0.00015602971102682332
-75.19397087817649,-0.03847888964394024,-0.0013163258158382118,0.0001516916762533949
-74.19521055697,-0.0397186468224564,-0.0011669860214265086,0.000147359473814876
-73.19630339993947,-0.040811558892533,-0.0010219489231123567,0.00014303293547822342
-72.1972536563607,-0.04176187539858832,-0.0008812108109521351,0.00013871189337101035
-71.1980655755094,-0.042573845885040644,-0.0007447680856424283,0.00013439617997080037
-70.19874340666132,-0.04325171989630827,-0.0006126172583678696,0.00013008562809453748
-69.1992913990922,-0.04379974697680948,-0.0004847549506535864,0.00012578007088795293
-68.19971380207775,-0.04422217667096256,-0.00036117789422224423,0.00012147934181498675
-67.20001486489375,-0.04452325852318578,-0.000241882930855694,0.00011718327464722419
-66.20019883681589,-0.04470724207789745,-0.00012686701226121815,0.0001128917034533478
-65.20026996711992,-0.044778376879515816,-1.6127199942379822e-05,0.00010860446258860215
-64.2002325050816,-0.044740912472459204,9.033933492552487e-05,0.00010432138668427372
-63.20009069997664,-0.04459909840114589,0.00019253531161541492,0.00010004231063718259
-62.19984880108079,-0.04435718420999414,0.0002904633399637667,9.576706959918857e-05
-61.19951105766978,-0.044019419443422275,0.00038412592048135566,9.149549896670788e-05
-60.199081719019325,-0.04359005364584852,0.00047352544445939434,8.722743437024295e-05
-59.19856503440521,-0.04307333636169123,0.000558664194071064,8.296271166392339e-05
-58.19796525310313,-0.04247351713536865,0.0006395443424684504,7.870116691505727e-05
-57.19728662438884,-0.041794845511299056,0.0007161679538748684,7.444263639369346e-05
-56.19653339753806,-0.04104157103390077,0.0007885369836725867,7.018695656219359e-05
-55.19570982182654,-0.040217943247592064,0.0008566532784859486,6.593396406481375e-05
-54.19482014653001,-0.039328211696791196,0.0009205185762598884,6.168349571729471e-05
-53.19386862092422,-0.03837662592591647,0.0009801345063338441,5.7435388496460894e-05
-52.19285949428489,-0.03736743547938616,0.0010355025895110684,5.3189479529827435e-05
-51.19179701588776,-0.036304889901618606,0.0010866242381233331,4.8945606085214554e-05
-50.19068543500856,-0.03519323873703202,0.0011335007560910313,4.470360556036876e-05
-49.189529000923045,-0.034036731530044745,0.0011761333389786759,4.046331547259072e-05
-48.18833196290693,-0.032839617825075024,0.0012145230740457937,3.622457344836917e-05
-47.18709857023597,-0.031606147166541136,0.0012486709402932184,3.1987217213020056e-05
-46.18583307218588,-0.030340569098861417,0.0012785778085047746,2.7751084580330636e-05
-45.184539718032404,-0.029047133166454103,0.001304244441284363,2.3516013442208186e-05
-44.1832227570513,-0.027730088913737558,0.0013256714930884434,1.9281841758332417e-05
-43.18188643851827,-0.026393685885129956,0.0013428595102539045,1.504840754581154e-05
-42.18053501170907,-0.025042173625049638,0.0013558089310213449,1.0815548868840849e-05
-41.17917272589943,-0.023679801677914877,0.001364520085553735,6.583103828364019e-06
-40.177803830365086,-0.02231081958814396,0.0013689931959504898,2.3509105517360323e-06
-39.17643257438178,-0.020939476900155227,0.0013692283762569255,-1.8811928176123777e-06
-38.17506320722524,-0.01957002315836688,0.0013652256324691232,-6.113368130509763e-06
-37.17369997817121,-0.01820670790719725,0.0013569848625341792,-1.0345777242378419e-05
-36.17234713649541,-0.01685378069106462,0.0013445058563458642,-1.4578582023569251e-05
-35.1710089314736,-0.015515491054387237,0.001327788295735664,-1.8811944369697232e-05
-34.169689612381504,-0.014196088541583413,0.0013068317544592289,-2.3046026211978347e-05
-33.16839342849486,-0.012899822697071434,0.0012816356981782142,-2.7280989527568188e-05
-32.167124629089386,-0.0116309430652696,0.0012521994844375218,-3.151699634990279e-05
-31.16588746344085,-0.010393699190596212,0.0012185223626379233,-3.575420877904252e-05
-30.164686180824965,-0.009192340617469485,0.00118060347400411,-3.9992788992019016e-05
-29.16352503051748,-0.008031116890307805,0.0011384418515480938,-4.4232899253186115e-05
-28.162408261794123,-0.006914277553529302,0.001092036420028064,-4.8474701924575515e-05
-27.16134012393063,-0.005846072151552445,0.0010413859959025715,-5.271835947625633e-05
-26.16032486620274,-0.004830750228795422,0.0009864892872801748,-5.6964034496701454e-05
-25.15936673788619,-0.0038725613296765327,0.0009273448938644348,-6.121188970315832e-05
-24.15846998825671,-0.0029757549986139387,0.000863951306894335,-6.546208795202726e-05
-23.15763886659005,-0.002144580780026162,0.0007963069090800708,-6.971479224924624e-05
-22.15687762216193,-0.001383288218331391,0.0007244099745342771,-7.397016576068302e-05
-21.1561905042481,-0.0006961268579478153,0.0006482586686985956,-7.822837182253515e-05
-20.15558176212428,-8.734624329381768e-05,0.0005678510482656957,-8.248957395173911e-05
-19.155054800494717,0.0004396487061137736,0.00048618257664619405,-7.965776326103947e-05
-18.154607602631284,0.000886874845919007,0.0004085602814426014,-7.551688002825326e-05
-17.154236009515735,0.0012584914573441509,0.0003350877048915613,-7.137317043002973e-05
-16.153935856857853,0.0015586630939191245,0.0002657666811620686,-6.722678915859794e-05
-15.153702980367404,0.001791554309173848,0.00020059894094921359,-6.307789107311454e-05
-14.153533215754177,0.0019613296566382407,0.0001395861114020168,-5.892663118997622e-05
-13.153422398727947,0.0020721536898422213,8.272971605559676e-05,-5.4773164673124595e-05
-12.153366364998494,0.00212819096231571,3.003117476766946e-05,-5.061764682434359e-05
-11.153360950275593,0.0021336060275886264,-1.850819634061816e-05,-4.646023307355024e-05
-10.153401990269028,0.0020925634391908885,-6.288718493952284e-05,-4.230107896907915e-05
-9.153485320688572,0.0020092277506524184,-0.000103104682541207,-3.814034016796114e-05
-8.15360677724401,0.001887763515503134,-0.00013915968454590661,-3.397817242619657e-05
-7.153762195645116,0.001732335287272954,-0.00017105129028376754,-2.9814731589023966e-05
-6.153947411601671,0.0015471076194917993,-0.00019877870305234872,-2.5650173581184176e-05
-5.154158260823451,0.0013362450656895894,-0.00022234123014979235,-2.148465439718066e-05
-4.154390579020237,0.0011039121793962412,-0.0002417382829036603,-1.73183300915365e-05
-3.154640201901807,0.0008542735141416776,-0.00025696937669543966,-1.3151356769048381e-05
-2.15490296517794,0.0005914936234558167,-0.00026803413098071423,-8.983890575038162e-06
-1.1551747045584135,0.00031973706086857803,-0.0002749322693050021,-4.816087685602537e-06
-0.15545125575300733,4.316837990988014e-05,-0.00027766361931526236,-6.481042978611357e-07
